bagging_fraction: 0.12445410256373894
bagging_freq: 5
early_stopping_rounds: 46
feature_fraction: 0.35146116383323966
lambda_l1: 0.020291891008412593
lambda_l2: 0.3061795943778616
learning_rate: 1.4797663692319418e-07
min_child_samples: 63
num_boost_round: 707
num_leaves: 214
