bagging_fraction: 0.707858635533609
bagging_freq: 3
early_stopping_rounds: 31
feature_fraction: 0.8511545320155843
lambda_l1: 0.0038984026082684487
lambda_l2: 3.044423639460031e-05
learning_rate: 2.933555212675316e-07
min_child_samples: 9
num_boost_round: 576
num_leaves: 204
