bagging_fraction: 0.5150820369903238
bagging_freq: 9
early_stopping_rounds: 7
feature_fraction: 0.8279834169182257
lambda_l1: 0.00016994165022230553
lambda_l2: 0.08319969657550437
learning_rate: 0.4285405998070926
max_depth: 6
min_child_samples: 92
n_estimators: 547
num_boost_round: 108
num_leaves: 64
