bagging_fraction: 0.5104824259992828
bagging_freq: 4
early_stopping_rounds: 43
feature_fraction: 0.8772967479962633
lambda_l1: 0.357568462902088
lambda_l2: 2.4306022404152624e-07
learning_rate: 0.06043775131898684
max_depth: 7
min_child_samples: 12
n_estimators: 39
num_boost_round: 427
num_leaves: 128
