bagging_fraction: 0.7595947204078617
bagging_freq: 2
early_stopping_rounds: 11
feature_fraction: 0.8526963720626374
lambda_l1: 0.0031061455488361686
lambda_l2: 6.495391236171795e-06
learning_rate: 0.05627607859174663
min_child_samples: 9
num_boost_round: 291
num_leaves: 137
