bagging_fraction: 0.5909576626404676
bagging_freq: 4
early_stopping_rounds: 28
feature_fraction: 0.8048268115932773
lambda_l1: 1.498414442778377e-05
lambda_l2: 0.015505477045992984
learning_rate: 0.047208899175501605
max_depth: 6
min_child_samples: 8
n_estimators: 57
num_boost_round: 821
num_leaves: 64
