bagging_fraction: 0.8818841703514967
bagging_freq: 8
early_stopping_rounds: 37
feature_fraction: 0.5994535802221136
lambda_l1: 0.2956215048275496
lambda_l2: 0.004827668975996184
learning_rate: 0.026833820212843987
max_depth: 11
min_child_samples: 90
n_estimators: 92
num_boost_round: 262
num_leaves: 2048
